0 0.203125 0.79375 0.05859375 0.0921875
0 0.3109375 0.4234375 0.0375 0.04765625
0 0.328125 0.3328125 0.01796875 0.0265625
0 0.42421875 0.4984375 0.0640625 0.0796875
0 0.73125 0.40078125 0.01796875 0.0265625
0 0.63203125 0.4046875 0.021875 0.028125
0 0.603125 0.40390625 0.0203125 0.0234375
0 0.35234375 0.29921875 0.01953125 0.03046875
0 0.6859375 0.50390625 0.06015625 0.12265625
0 0.6875 0.371875 0.01796875 0.0234375
0 0.68203125 0.278125 0.01328125 0.0234375
0 0.72734375 0.546875 0.0515625 0.0984375