0 0.34921875 0.5109375 0.0640625 0.08203125
0 0.54140625 0.8828125 0.175 0.23125
0 0.39140625 0.453125 0.0484375 0.05546875
0 0.73515625 0.4109375 0.01953125 0.02109375
0 0.6296875 0.37421875 0.01796875 0.01953125
0 0.32890625 0.33984375 0.01953125 0.025
0 0.35234375 0.30625 0.01328125 0.01796875
0 0.65078125 0.3328125 0.0109375 0.01796875
0 0.3328125 0.3578125 0.01953125 0.025
0 0.6921875 0.37109375 0.01328125 0.0234375
0 0.7421875 0.31796875 0.009375 0.015625
0 0.33046875 0.3484375 0.02265625 0.04296875
0 0.50234375 0.53125 0.109375 0.16953125