0 0.71328125 0.38515625 0.01796875 0.02265625
0 0.7515625 0.34375 0.01328125 0.02109375
0 0.5796875 0.46171875 0.02421875 0.03203125
0 0.7765625 0.2875 0.0109375 0.01953125
0 0.73203125 0.3390625 0.01171875 0.015625
0 0.7578125 0.30390625 0.01171875 0.015625
0 0.57421875 0.43125 0.02265625 0.03046875
0 0.68203125 0.2734375 0.009375 0.0125
0 0.7046875 0.29765625 0.00859375 0.0140625
0 0.4328125 0.45234375 0.18046875 0.253125
0 0.334375 0.3421875 0.03125 0.07734375
0 0.3375 0.359375 0.021875 0.0328125