0 0.43984375 0.52109375 0.109375 0.0734375
0 0.48828125 0.60703125 0.14375 0.084375
0 0.26796875 0.3734375 0.0375 0.0203125
0 0.28125 0.23828125 0.09375 0.0375
0 0.20234375 0.70390625 0.028125 0.021875
0 0.4671875 0.33671875 0.059375 0.034375
0 0.18046875 0.3125 0.01875 0.0125
0 0.31953125 0.45859375 0.034375 0.03125
0 0.21796875 0.359375 0.025 0.015625
0 0.17421875 0.2390625 0.01875 0.015625
0 0.16640625 0.69453125 0.03125 0.0171875
0 0.115625 0.303125 0.0125 0.009375
0 0.1203125 0.28828125 0.0171875 0.009375
0 0.21328125 0.3328125 0.025 0.015625
0 0.125 0.25390625 0.0171875 0.0125
0 0.25078125 0.2609375 0.025 0.01875
0 0.1640625 0.6640625 0.084375 0.040625