0 0.47890625 0.43984375 0.0734375 0.109375
0 0.39296875 0.48828125 0.08359375 0.14453125
0 0.6265625 0.26796875 0.0203125 0.0375
0 0.76171875 0.28125 0.0375 0.09375
0 0.29609375 0.20234375 0.021875 0.028125
0 0.66328125 0.4671875 0.03359375 0.059375
0 0.6875 0.18046875 0.01328125 0.01953125
0 0.54140625 0.31953125 0.03046875 0.03515625
0 0.640625 0.21796875 0.015625 0.02421875
0 0.7609375 0.17421875 0.01484375 0.01953125
0 0.30546875 0.16640625 0.0171875 0.03046875
0 0.696875 0.115625 0.009375 0.01328125
0 0.71171875 0.1203125 0.00859375 0.0171875
0 0.6671875 0.21328125 0.015625 0.02421875
0 0.74609375 0.125 0.01328125 0.0171875
0 0.7390625 0.25078125 0.01953125 0.02421875
0 0.3359375 0.1640625 0.03984375 0.08515625