0 0.4484375 0.65078125 0.13125 0.23828125
0 0.30078125 0.19921875 0.02578125 0.03828125
0 0.6640625 0.165625 0.0171875 0.02734375
0 0.359375 0.22578125 0.03203125 0.0703125
0 0.7265625 0.28046875 0.02109375 0.034375
0 0.7875 0.18203125 0.02109375 0.040625
0 0.31640625 0.13828125 0.015625 0.01796875
0 0.7265625 0.21015625 0.015625 0.0296875
0 0.77109375 0.11328125 0.0125 0.02734375
0 0.5796875 0.246875 0.01953125 0.0296875
0 0.76328125 0.3078125 0.05078125 0.09765625
0 0.359375 0.11796875 0.01015625 0.01796875
0 0.765625 0.08203125 0.00859375 0.01796875
0 0.6421875 0.12578125 0.01953125 0.025
0 0.465625 0.1453125 0.015625 0.02265625
0 0.70078125 0.20078125 0.01328125 0.0296875