0 0.63046875 0.1921875 0.01953125 0.0359375
0 0.6765625 0.15625 0.0109375 0.01796875
0 0.34375 0.13515625 0.01484375 0.03359375
0 0.4140625 0.371875 0.05859375 0.08671875
0 0.628125 0.22421875 0.01953125 0.02421875
0 0.5390625 0.32109375 0.04140625 0.0578125
0 0.70078125 0.12421875 0.01953125 0.0203125
0 0.30234375 0.1375 0.015625 0.02421875
0 0.303125 0.1609375 0.0171875 0.01796875
0 0.33671875 0.20390625 0.0234375 0.03359375
0 0.340625 0.23125 0.02578125 0.03359375
0 0.66484375 0.1453125 0.01015625 0.01796875
0 0.34296875 0.14375 0.01328125 0.015625
0 0.303125 0.14765625 0.01953125 0.04453125