0 0.571875 0.37109375 0.02734375 0.04140625
0 0.53984375 0.36484375 0.0203125 0.04375
0 0.52265625 0.3546875 0.009375 0.0328125
0 0.49296875 0.38828125 0.028125 0.03984375
0 0.49140625 0.4953125 0.04140625 0.0640625
0 0.3765625 0.50390625 0.040625 0.07265625
0 0.32734375 0.6625 0.05625 0.08671875
0 0.20234375 0.70078125 0.10078125 0.11796875
0 0.24921875 0.4265625 0.0515625 0.0453125
0 0.3359375 0.4 0.084375 0.0765625
0 0.3828125 0.87890625 0.215625 0.2421875
0 0.24296875 0.9015625 0.0890625 0.18125