0 0.80625 0.35390625 0.0390625 0.1
0 0.64453125 0.284375 0.04375 0.10859375
0 0.196875 0.309375 0.05390625 0.0984375
0 0.23828125 0.30234375 0.040625 0.0671875
0 0.2140625 0.22265625 0.05390625 0.165625
0 0.25546875 0.234375 0.0390625 0.05390625
0 0.2765625 0.1875 0.04140625 0.065625
0 0.3609375 0.21953125 0.0421875 0.0671875
0 0.39296875 0.171875 0.04921875 0.0671875
0 0.08515625 0.2921875 0.05078125 0.084375
0 0.06484375 0.37734375 0.06015625 0.10546875
0 0.1171875 0.26640625 0.0359375 0.09296875
0 0.1578125 0.23046875 0.046875 0.0984375
0 0.42421875 0.84296875 0.09296875 0.11171875
0 0.453125 0.90625 0.11171875 0.11015625
0 0.628125 0.81953125 0.16640625 0.28984375
0 0.54921875 0.74140625 0.0546875 0.134375
0 0.75 0.87265625 0.18984375 0.25390625
0 0.8515625 0.8875 0.09296875 0.1875
0 0.88671875 0.740625 0.07578125 0.11015625
0 0.86953125 0.65390625 0.08984375 0.2328125
0 0.77734375 0.73515625 0.08359375 0.18125
0 0.71328125 0.71796875 0.07578125 0.14453125
0 0.790625 0.6125 0.06640625 0.1203125
0 0.7265625 0.64375 0.0703125 0.14453125
0 0.775 0.5390625 0.06796875 0.115625
0 0.74765625 0.4546875 0.07734375 0.1359375
0 0.7921875 0.253125 0.06328125 0.1484375
0 0.8234375 0.32109375 0.06015625 0.0859375
0 0.81875 0.1859375 0.07734375 0.19140625
0 0.584375 0.18203125 0.05546875 0.07890625
0 0.678125 0.1453125 0.06171875 0.11015625
0 0.52265625 0.178125 0.03203125 0.084375
0 0.54765625 0.1421875 0.0375 0.0640625
0 0.74765625 0.1125 0.0546875 0.0671875
0 0.90390625 0.23359375 0.03984375 0.0703125