0 0.215625 0.83671875 0.12265625 0.1265625
0 0.39375 0.51015625 0.15 0.215625
0 0.4734375 0.534375 0.0578125 0.0828125
0 0.56953125 0.50859375 0.02734375 0.0953125
0 0.7734375 0.54375 0.0828125 0.08984375
0 0.61484375 0.43984375 0.028125 0.05078125
0 0.64296875 0.36171875 0.0828125 0.084375
0 0.67578125 0.39609375 0.015625 0.05859375
0 0.7140625 0.34921875 0.05703125 0.0546875
0 0.8640625 0.31171875 0.025 0.0265625
0 0.884375 0.3046875 0.01796875 0.03515625
0 0.903125 0.28125 0.02890625 0.03359375
0 0.75 0.321875 0.02890625 0.053125
0 0.796875 0.3 0.02890625 0.0390625