0 0.4546875 0.48671875 0.04765625 0.05390625
0 0.209375 0.875 0.12265625 0.15078125
0 0.27421875 0.51328125 0.05859375 0.0734375
0 0.53125 0.47734375 0.08515625 0.18046875
0 0.2734375 0.40390625 0.040625 0.10546875
0 0.35078125 0.3453125 0.0390625 0.071875
0 0.465625 0.31015625 0.0265625 0.04296875
0 0.51015625 0.29296875 0.0296875 0.025
0 0.5796875 0.3 0.01953125 0.04140625
0 0.61484375 0.303125 0.034375 0.05390625
0 0.65078125 0.29453125 0.02890625 0.04296875
0 0.80859375 0.33125 0.0421875 0.05703125
0 0.71875 0.2359375 0.0296875 0.04453125
0 0.66484375 0.21953125 0.0265625 0.040625
0 0.5578125 0.22734375 0.02265625 0.0359375
0 0.515625 0.24296875 0.02109375 0.025
0 0.4828125 0.26953125 0.01953125 0.034375