0 0.73984375 0.94140625 0.13125 0.109375
0 0.67265625 0.34765625 0.225 0.153125
0 0.7984375 0.57578125 0.228125 0.121875
0 0.778125 0.684375 0.171875 0.1015625
0 0.58203125 0.7859375 0.159375 0.1125
0 0.57890625 0.64765625 0.071875 0.09375
0 0.52890625 0.64453125 0.05625 0.0640625
0 0.44609375 0.61484375 0.1125 0.06875
0 0.446875 0.55234375 0.096875 0.103125
0 0.50546875 0.54140625 0.0625 0.0671875
0 0.42421875 0.4515625 0.0328125 0.0375
0 0.434375 0.41640625 0.0375 0.046875
0 0.57265625 0.378125 0.10625 0.0703125
0 0.521875 0.3171875 0.078125 0.05
0 0.47421875 0.21796875 0.11875 0.071875
0 0.42734375 0.134375 0.075 0.04375
0 0.409375 0.28515625 0.046875 0.034375
0 0.375 0.34453125 0.03125 0.028125
0 0.3765625 0.378125 0.0265625 0.0265625
0 0.38359375 0.21875 0.0265625 0.021875
0 0.384375 0.25390625 0.01875 0.021875
0 0.3828125 0.1734375 0.04375 0.03125
0 0.371875 0.1125 0.021875 0.0359375
0 0.34765625 0.2015625 0.03125 0.0296875
0 0.35625 0.2328125 0.0234375 0.01875
0 0.3390625 0.32734375 0.021875 0.021875