0 0.16328125 0.215625 0.1265625 0.121875
0 0.48984375 0.39375 0.215625 0.15
0 0.465625 0.4734375 0.0828125 0.0578125
0 0.49140625 0.56953125 0.0953125 0.028125
0 0.45625 0.7734375 0.090625 0.0828125
0 0.56015625 0.61484375 0.05 0.028125
0 0.63828125 0.64296875 0.084375 0.0828125
0 0.60390625 0.67578125 0.059375 0.015625
0 0.65078125 0.7140625 0.0546875 0.05625
0 0.68828125 0.8640625 0.0265625 0.025
0 0.6953125 0.884375 0.034375 0.01875
0 0.71875 0.903125 0.034375 0.028125
0 0.678125 0.75 0.053125 0.028125
0 0.7 0.796875 0.0390625 0.0296875