0 0.05859375 0.73984375 0.10859375 0.13125
0 0.65234375 0.67265625 0.153125 0.22578125
0 0.42421875 0.7984375 0.12265625 0.22734375
0 0.315625 0.778125 0.1015625 0.17109375
0 0.2140625 0.58203125 0.11328125 0.15859375
0 0.35234375 0.57890625 0.09453125 0.071875
0 0.35546875 0.52890625 0.0640625 0.05546875
0 0.38515625 0.44609375 0.06875 0.11328125
0 0.44765625 0.446875 0.10234375 0.09765625
0 0.45859375 0.50546875 0.0671875 0.06328125
0 0.5484375 0.42421875 0.03828125 0.0328125
0 0.58359375 0.434375 0.04609375 0.0375
0 0.621875 0.57265625 0.0703125 0.10625
0 0.6828125 0.521875 0.04921875 0.07734375
0 0.78203125 0.47421875 0.07265625 0.11875
0 0.865625 0.42734375 0.04453125 0.07421875
0 0.71484375 0.409375 0.03359375 0.046875
0 0.65546875 0.375 0.028125 0.03203125
0 0.621875 0.3765625 0.0265625 0.0265625
0 0.78125 0.38359375 0.021875 0.0265625
0 0.74609375 0.384375 0.02109375 0.01953125
0 0.8265625 0.3828125 0.03125 0.04375
0 0.8875 0.371875 0.0359375 0.021875
0 0.7984375 0.34765625 0.0296875 0.03203125
0 0.7671875 0.35625 0.01953125 0.0234375
0 0.67265625 0.3390625 0.021875 0.021875