0 0.26015625 0.05859375 0.13125 0.109375
0 0.32734375 0.65234375 0.225 0.153125
0 0.2015625 0.42421875 0.228125 0.121875
0 0.221875 0.315625 0.171875 0.1015625
0 0.41796875 0.2140625 0.159375 0.1125
0 0.42109375 0.35234375 0.071875 0.09375
0 0.47109375 0.35546875 0.05625 0.0640625
0 0.55390625 0.38515625 0.1125 0.06875
0 0.553125 0.44765625 0.096875 0.103125
0 0.49453125 0.45859375 0.0625 0.0671875
0 0.57578125 0.5484375 0.0328125 0.0375
0 0.565625 0.58359375 0.0375 0.046875
0 0.42734375 0.621875 0.10625 0.0703125
0 0.478125 0.6828125 0.078125 0.05
0 0.52578125 0.78203125 0.11875 0.071875
0 0.57265625 0.865625 0.075 0.04375
0 0.590625 0.71484375 0.046875 0.034375
0 0.625 0.65546875 0.03125 0.028125
0 0.6234375 0.621875 0.0265625 0.0265625
0 0.61640625 0.78125 0.0265625 0.021875
0 0.615625 0.74609375 0.01875 0.021875
0 0.6171875 0.8265625 0.04375 0.03125
0 0.628125 0.8875 0.021875 0.0359375
0 0.65234375 0.7984375 0.03125 0.0296875
0 0.64375 0.7671875 0.0234375 0.01875
0 0.6609375 0.67265625 0.021875 0.021875