0 0.128125 0.48046875 0.08046875 0.084375
0 0.428125 0.37578125 0.025 0.03359375
0 0.625 0.40546875 0.025 0.03671875
0 0.65390625 0.3671875 0.03359375 0.03125
0 0.59296875 0.35546875 0.03046875 0.0328125
0 0.5421875 0.30859375 0.0265625 0.0296875
0 0.49921875 0.32734375 0.0296875 0.028125
0 0.384375 0.3421875 0.1015625 0.11015625
0 0.85703125 0.5171875 0.0453125 0.0765625
0 0.8734375 0.43359375 0.0328125 0.0421875
0 0.821875 0.43828125 0.02421875 0.04921875
0 0.1453125 0.33203125 0.065625 0.07890625