0 0.5765625 0.48046875 0.053125 0.046875
0 0.778125 0.42578125 0.109375 0.0671875
0 0.38046875 0.36953125 0.0375 0.025
0 0.3640625 0.32890625 0.028125 0.015625
0 0.46015625 0.521875 0.05625 0.040625
0 0.42265625 0.48828125 0.040625 0.04375
0 0.45625 0.55625 0.053125 0.034375
0 0.45078125 0.625 0.084375 0.0625
0 0.59921875 0.7421875 0.140625 0.115625
0 0.6078125 0.86015625 0.196875 0.165625
0 0.38984375 0.5625 0.096875 0.05625
0 0.3765625 0.52265625 0.034375 0.028125
0 0.36328125 0.42109375 0.0328125 0.025