0 0.2203125 0.61328125 0.0671875 0.0734375
0 0.053125 0.75546875 0.103125 0.1109375
0 0.853125 0.95625 0.08515625 0.0828125
0 0.153125 0.52421875 0.11484375 0.10546875
0 0.0984375 0.64296875 0.17734375 0.13203125
0 0.26484375 0.4953125 0.0609375 0.103125
0 0.30703125 0.546875 0.05546875 0.0734375
0 0.3328125 0.4734375 0.040625 0.04609375
0 0.32578125 0.40625 0.0875 0.09140625
0 0.4 0.4546875 0.0328125 0.05546875
0 0.39140625 0.41328125 0.0265625 0.04453125
0 0.4390625 0.4171875 0.0296875 0.0359375
0 0.48125 0.3921875 0.03046875 0.03359375
0 0.790625 0.6296875 0.08828125 0.125
0 0.75078125 0.521875 0.04921875 0.06953125
0 0.725 0.43671875 0.0328125 0.05
0 0.7203125 0.39921875 0.0296875 0.03046875
0 0.5453125 0.4078125 0.03125 0.0390625
0 0.6 0.38359375 0.03515625 0.0359375
0 0.57890625 0.36328125 0.02890625 0.04765625
0 0.4640625 0.35703125 0.03984375 0.07265625
0 0.43125 0.33828125 0.05546875 0.07890625
0 0.42109375 0.3953125 0.04453125 0.05546875
0 0.49609375 0.34453125 0.01953125 0.028125
0 0.71015625 0.36015625 0.021875 0.03359375
0 0.6078125 0.3515625 0.01953125 0.03046875
0 0.5171875 0.32578125 0.02734375 0.02890625