0 0.209375 0.48828125 0.034375 0.0546875
0 0.58671875 0.6109375 0.08125 0.13125
0 0.8390625 0.6921875 0.1125 0.109375
0 0.9546875 0.684375 0.090625 0.115625
0 0.72421875 0.5875 0.075 0.115625
0 0.82578125 0.6125 0.059375 0.09375
0 0.871875 0.57265625 0.1125 0.1359375
0 0.68359375 0.48359375 0.14375 0.14375
0 0.62890625 0.528125 0.053125 0.0640625
0 0.56796875 0.48203125 0.028125 0.0625
0 0.53671875 0.46015625 0.028125 0.0609375
0 0.58359375 0.45234375 0.0265625 0.059375
0 0.50234375 0.425 0.0265625 0.0484375
0 0.56171875 0.4046875 0.021875 0.05
0 0.5359375 0.41953125 0.028125 0.028125
0 0.46640625 0.40546875 0.025 0.034375
0 0.5 0.3828125 0.0296875 0.040625
0 0.38125 0.4546875 0.08125 0.109375
0 0.46015625 0.35390625 0.040625 0.0234375
0 0.4296875 0.37578125 0.0265625 0.034375
0 0.3984375 0.35625 0.01875 0.015625
0 0.4546875 0.384375 0.015625 0.028125
0 0.540625 0.3875 0.021875 0.0234375
0 0.37890625 0.3125 0.021875 0.04375
0 0.43046875 0.3421875 0.025 0.040625