0 0.21640625 0.52578125 0.08046875 0.08984375
0 0.48828125 0.34140625 0.0375 0.04765625
0 0.10546875 0.9609375 0.171875 0.0734375
0 0.34375 0.39296875 0.0921875 0.103125
0 0.04765625 0.73125 0.09375 0.18515625
0 0.7625 0.33046875 0.05703125 0.0640625
0 0.64921875 0.25859375 0.0359375 0.03203125
0 0.6859375 0.21015625 0.021875 0.02265625
0 0.69375 0.225 0.0296875 0.015625
0 0.6609375 0.21328125 0.02265625 0.03046875
0 0.771875 0.23828125 0.01640625 0.03046875
0 0.80625 0.24140625 0.02578125 0.01953125