0 0.8546875 0.64921875 0.053125 0.0734375
0 0.8078125 0.44921875 0.0296875 0.0421875
0 0.57265625 0.51953125 0.04375 0.090625
0 0.52265625 0.496875 0.05625 0.071875
0 0.21953125 0.65078125 0.096875 0.103125
0 0.33203125 0.55234375 0.084375 0.0640625
0 0.39921875 0.50546875 0.059375 0.065625
0 0.0609375 0.709375 0.1140625 0.0890625
0 0.040625 0.815625 0.0640625 0.14375
0 0.0859375 0.6109375 0.09375 0.078125
0 0.2390625 0.50546875 0.215625 0.24375
0 0.36640625 0.4296875 0.03125 0.040625
0 0.37890625 0.46796875 0.0484375 0.046875
0 0.43671875 0.4578125 0.04375 0.053125
0 0.403125 0.4078125 0.0265625 0.046875
0 0.428125 0.41875 0.03125 0.028125
0 0.48671875 0.43046875 0.034375 0.0484375
0 0.4546875 0.4078125 0.025 0.034375
0 0.38984375 0.36328125 0.040625 0.0390625
0 0.41328125 0.37109375 0.03125 0.03125
0 0.4375 0.38359375 0.028125 0.028125
0 0.48671875 0.3890625 0.040625 0.025
0 0.53125 0.38515625 0.021875 0.021875
0 0.5625 0.35546875 0.034375 0.053125
0 0.4890625 0.32890625 0.0625 0.090625
0 0.53203125 0.328125 0.071875 0.084375
0 0.68359375 0.35625 0.0296875 0.025
0 0.79609375 0.3078125 0.0359375 0.046875
0 0.74765625 0.3015625 0.021875 0.025
0 0.575 0.31953125 0.021875 0.034375
0 0.71796875 0.26640625 0.01875 0.028125
0 0.73515625 0.28671875 0.0265625 0.025