0 0.35078125 0.8546875 0.0734375 0.053125
0 0.55078125 0.8078125 0.0421875 0.0296875
0 0.48046875 0.57265625 0.090625 0.04375
0 0.503125 0.52265625 0.071875 0.05625
0 0.34921875 0.21953125 0.103125 0.096875
0 0.44765625 0.33203125 0.0640625 0.084375
0 0.49453125 0.39921875 0.065625 0.059375
0 0.290625 0.0609375 0.0890625 0.1140625
0 0.184375 0.040625 0.14375 0.0640625
0 0.3890625 0.0859375 0.078125 0.09375
0 0.49453125 0.2390625 0.24375 0.215625
0 0.5703125 0.36640625 0.040625 0.03125
0 0.53203125 0.37890625 0.046875 0.0484375
0 0.5421875 0.43671875 0.053125 0.04375
0 0.5921875 0.403125 0.046875 0.0265625
0 0.58125 0.428125 0.028125 0.03125
0 0.56953125 0.48671875 0.0484375 0.034375
0 0.5921875 0.4546875 0.034375 0.025
0 0.63671875 0.38984375 0.0390625 0.040625
0 0.62890625 0.41328125 0.03125 0.03125
0 0.61640625 0.4375 0.028125 0.028125
0 0.6109375 0.48671875 0.025 0.040625
0 0.61484375 0.53125 0.021875 0.021875
0 0.64453125 0.5625 0.053125 0.034375
0 0.67109375 0.4890625 0.090625 0.0625
0 0.671875 0.53203125 0.084375 0.071875
0 0.64375 0.68359375 0.025 0.0296875
0 0.6921875 0.79609375 0.046875 0.0359375
0 0.6984375 0.74765625 0.025 0.021875
0 0.68046875 0.575 0.034375 0.021875
0 0.73359375 0.71796875 0.028125 0.01875
0 0.71328125 0.73515625 0.025 0.0265625