0 0.790625 0.48828125 0.034375 0.0546875
0 0.41328125 0.6109375 0.08203125 0.13203125
0 0.1609375 0.6921875 0.11171875 0.10859375
0 0.0453125 0.684375 0.08984375 0.115625
0 0.27578125 0.5875 0.07421875 0.115625
0 0.17421875 0.6125 0.059375 0.09296875
0 0.128125 0.57265625 0.1125 0.1359375
0 0.31640625 0.48359375 0.14296875 0.14453125
0 0.37109375 0.528125 0.05390625 0.0640625
0 0.43203125 0.48203125 0.02890625 0.0625
0 0.46328125 0.46015625 0.028125 0.0609375
0 0.41640625 0.45234375 0.0265625 0.05859375
0 0.49765625 0.425 0.0265625 0.0484375
0 0.43828125 0.4046875 0.02265625 0.05
0 0.4640625 0.41953125 0.028125 0.02890625
0 0.53359375 0.40546875 0.025 0.03515625
0 0.5 0.3828125 0.0296875 0.040625
0 0.61875 0.4546875 0.08046875 0.10859375
0 0.53984375 0.35390625 0.04140625 0.0234375
0 0.5703125 0.37578125 0.0265625 0.03359375
0 0.6015625 0.35625 0.01875 0.01640625
0 0.5453125 0.384375 0.01484375 0.02890625
0 0.459375 0.3875 0.02109375 0.0234375
0 0.62109375 0.3125 0.02265625 0.04296875
0 0.56953125 0.3421875 0.025 0.04140625