0 0.51953125 0.5765625 0.04609375 0.05390625
0 0.57421875 0.778125 0.0671875 0.11015625
0 0.63046875 0.38046875 0.02421875 0.0375
0 0.67109375 0.3640625 0.01640625 0.028125
0 0.478125 0.46015625 0.040625 0.05625
0 0.51171875 0.42265625 0.04296875 0.04140625
0 0.44375 0.45625 0.034375 0.05390625
0 0.375 0.45078125 0.06328125 0.084375
0 0.2578125 0.59921875 0.11484375 0.140625
0 0.13984375 0.6078125 0.165625 0.19609375
0 0.4375 0.38984375 0.05703125 0.09765625
0 0.47734375 0.3765625 0.02890625 0.034375
0 0.57890625 0.36328125 0.02578125 0.0328125