0 0.3734375 0.4640625 0.125 0.1015625
0 0.45546875 0.1015625 0.075 0.075
0 0.525 0.37890625 0.078125 0.0609375
0 0.33828125 0.68671875 0.428125 0.2265625
0 0.509375 0.86796875 0.06875 0.0625
0 0.63046875 0.91328125 0.096875 0.04375
0 0.1140625 0.234375 0.228125 0.284375
0 0.4515625 0.19140625 0.1265625 0.1015625
0 0.53984375 0.4828125 0.078125 0.05625
0 0.609375 0.38671875 0.140625 0.09375
0 0.62265625 0.459375 0.128125 0.053125
0 0.54921875 0.54296875 0.046875 0.0515625
0 0.5890625 0.83828125 0.046875 0.040625
0 0.53984375 0.65 0.1265625 0.0734375
0 0.57109375 0.73984375 0.0609375 0.053125