0 0.31328125 0.61796875 0.03125 0.04296875
0 0.63203125 0.5171875 0.01484375 0.028125
0 0.46328125 0.58984375 0.02890625 0.03125
0 0.41484375 0.609375 0.0296875 0.034375
0 0.55234375 0.8484375 0.08359375 0.1265625
0 0.2984375 0.79921875 0.06796875 0.0953125
0 0.2390625 0.94921875 0.0796875 0.0921875
0 0.09296875 0.83359375 0.0671875 0.06796875
0 0.4390625 0.4765625 0.02890625 0.04140625
0 0.48046875 0.4640625 0.03203125 0.02734375
0 0.48828125 0.41484375 0.04453125 0.05390625
0 0.52734375 0.425 0.028125 0.02578125
0 0.55390625 0.3703125 0.0390625 0.05
0 0.609375 0.415625 0.03828125 0.05234375
0 0.66875 0.45234375 0.04296875 0.04375
0 0.7109375 0.6546875 0.0546875 0.07421875