0 0.4640625 0.6265625 0.1015625 0.125
0 0.1015625 0.54453125 0.075 0.075
0 0.37890625 0.475 0.0609375 0.078125
0 0.68671875 0.66171875 0.2265625 0.428125
0 0.86796875 0.490625 0.0625 0.06875
0 0.91328125 0.36953125 0.04375 0.096875
0 0.234375 0.8859375 0.284375 0.228125
0 0.19140625 0.5484375 0.1015625 0.1265625
0 0.4828125 0.46015625 0.05625 0.078125
0 0.38671875 0.390625 0.09375 0.140625
0 0.459375 0.37734375 0.053125 0.128125
0 0.54296875 0.45078125 0.0515625 0.046875
0 0.83828125 0.4109375 0.040625 0.046875
0 0.65 0.46015625 0.0734375 0.1265625
0 0.73984375 0.42890625 0.053125 0.0609375