0 0.5359375 0.6265625 0.1015625 0.125
0 0.8984375 0.54453125 0.07578125 0.07578125
0 0.62109375 0.475 0.0609375 0.078125
0 0.31328125 0.66171875 0.2265625 0.42734375
0 0.13203125 0.490625 0.0625 0.06796875
0 0.08671875 0.36953125 0.04296875 0.09609375
0 0.765625 0.8859375 0.284375 0.228125
0 0.80859375 0.5484375 0.1015625 0.1265625
0 0.5171875 0.46015625 0.05625 0.07890625
0 0.61328125 0.390625 0.09375 0.13984375
0 0.540625 0.37734375 0.053125 0.12734375
0 0.45703125 0.45078125 0.0515625 0.046875
0 0.16171875 0.4109375 0.04140625 0.046875
0 0.35 0.46015625 0.0734375 0.1265625
0 0.26015625 0.42890625 0.05234375 0.0609375