0 0.284375 0.83125 0.11171875 0.1203125
0 0.2234375 0.66015625 0.0671875 0.07109375
0 0.50859375 0.6453125 0.0703125 0.0875
0 0.721875 0.6359375 0.13359375 0.26484375
0 0.0640625 0.746875 0.1078125 0.1484375
0 0.3078125 0.5296875 0.09765625 0.12734375
0 0.38125 0.56328125 0.05546875 0.05234375
0 0.4703125 0.54765625 0.05546875 0.059375
0 0.40703125 0.490625 0.096875 0.10703125
0 0.76640625 0.4921875 0.04609375 0.04140625
0 0.83671875 0.471875 0.04609375 0.09140625
0 0.5265625 0.4609375 0.053125 0.04140625
0 0.53984375 0.515625 0.06171875 0.05390625